Mon Jun 21 09:25:49 2021 data (%)

indian 
patch 13 * 13
trainset 10%
使用PCA算法降到了30
98.63982968992218 Kappa accuracy (%)
98.80758807588076 Overall accuracy (%)
96.78094137737678 Average accuracy (%)

              precision    recall  f1-score   support

         0.0    1.00000   0.92683   0.96203        41
         1.0    0.99601   0.97198   0.98385      1285
         2.0    0.96507   0.99866   0.98158       747
         3.0    0.99495   0.92488   0.95864       213
         4.0    0.98861   0.99770   0.99314       435
         5.0    0.99240   0.99391   0.99316       657
         6.0    1.00000   1.00000   1.00000        25
         7.0    1.00000   1.00000   1.00000       430
         8.0    0.93750   0.83333   0.88235        18
         9.0    0.99313   0.99086   0.99199       875
        10.0    0.98391   0.99593   0.98988      2210
        11.0    0.98286   0.96629   0.97450       534
        12.0    1.00000   0.99459   0.99729       185
        13.0    0.99476   1.00000   0.99737      1139
        14.0    0.98857   0.99712   0.99283       347
        15.0    0.93750   0.89286   0.91463        84

    accuracy                        0.98808      9225
   macro avg    0.98470   0.96781   0.97583      9225
weighted avg    0.98815   0.98808   0.98801      9225

