Mon Jun 21 12:09:03 2021 data (%)
indian 
patch 13 * 13
trainset 10%
没有进行PCA特征的提取

96.89566489904682 Kappa accuracy (%)
97.27913279132791 Overall accuracy (%)
94.10964182030371 Average accuracy (%)

              precision    recall  f1-score   support

         0.0    0.93750   0.73171   0.82192        41
         1.0    0.96813   0.94553   0.95669      1285
         2.0    0.95122   0.99197   0.97117       747
         3.0    0.97959   0.90141   0.93888       213
         4.0    0.95964   0.98391   0.97162       435
         5.0    0.97576   0.98021   0.97798       657
         6.0    1.00000   1.00000   1.00000        25
         7.0    0.99766   0.99070   0.99417       430
         8.0    0.93333   0.77778   0.84848        18
         9.0    0.97525   0.99086   0.98299       875
        10.0    0.97272   0.98416   0.97841      2210
        11.0    0.95229   0.89700   0.92382       534
        12.0    0.99459   0.99459   0.99459       185
        13.0    0.98526   0.99737   0.99127      1139
        14.0    0.98559   0.98559   0.98559       347
        15.0    0.98701   0.90476   0.94410        84

    accuracy                        0.97279      9225
   macro avg    0.97222   0.94110   0.95511      9225
weighted avg    0.97276   0.97279   0.97252      9225

