Mon Jun 21 09:22:34 2021 data (%)
indian 
patch 25 * 25
trainset 10%
使用PCA算法降到了30
97.76110928461735 Kappa accuracy (%)
98.03794037940379 Overall accuracy (%)
96.57403455090308 Average accuracy (%)

              precision    recall  f1-score   support

         0.0    0.97436   0.92683   0.95000        41
         1.0    0.98863   0.94708   0.96741      1285
         2.0    0.95391   0.99732   0.97513       747
         3.0    0.98995   0.92488   0.95631       213
         4.0    0.99538   0.99080   0.99309       435
         5.0    0.98931   0.98630   0.98780       657
         6.0    1.00000   1.00000   1.00000        25
         7.0    1.00000   1.00000   1.00000       430
         8.0    1.00000   1.00000   1.00000        18
         9.0    0.97638   0.99200   0.98413       875
        10.0    0.97425   0.99276   0.98342      2210
        11.0    0.95857   0.95318   0.95587       534
        12.0    1.00000   0.98378   0.99183       185
        13.0    0.98786   1.00000   0.99389      1139
        14.0    0.99410   0.97118   0.98251       347
        15.0    0.97059   0.78571   0.86842        84

    accuracy                        0.98038      9225
   macro avg    0.98458   0.96574   0.97436      9225
weighted avg    0.98056   0.98038   0.98021      9225

