Mon Jun 21 09:37:23 2021 data (%)

97.08100651389667 Kappa accuracy (%)
97.44173441734418 Overall accuracy (%)
94.63173517040337 Average accuracy (%)

              precision    recall  f1-score   support

         0.0    0.91176   0.75610   0.82667        41
         1.0    0.97985   0.94630   0.96279      1285
         2.0    0.94444   0.97858   0.96121       747
         3.0    0.97500   0.91549   0.94431       213
         4.0    0.95928   0.97471   0.96693       435
         5.0    0.98930   0.98478   0.98703       657
         6.0    1.00000   1.00000   1.00000        25
         7.0    1.00000   0.99302   0.99650       430
         8.0    0.93333   0.77778   0.84848        18
         9.0    0.98404   0.98629   0.98516       875
        10.0    0.97157   0.98959   0.98050      2210
        11.0    0.95481   0.91011   0.93193       534
        12.0    1.00000   1.00000   1.00000       185
        13.0    0.98268   0.99649   0.98954      1139
        14.0    0.97175   0.99135   0.98146       347
        15.0    0.96341   0.94048   0.95181        84

    accuracy                        0.97442      9225
   macro avg    0.97008   0.94632   0.95714      9225
weighted avg    0.97444   0.97442   0.97423      9225

