
96.15013601987208 Kappa accuracy (%)
96.62872628726286 Overall accuracy (%)
92.27834548405158 Average accuracy (%)

                              precision    recall  f1-score   support

                     Alfalfa       1.00      0.78      0.88        41
                 Corn-notill       0.98      0.94      0.96      1285
                Corn-mintill       0.97      0.98      0.98       747
                        Corn       0.90      0.90      0.90       213
               Grass-pasture       0.92      0.91      0.92       435
                 Grass-trees       0.95      0.95      0.95       657
         Grass-pasture-mowed       1.00      0.84      0.91        25
               Hay-windrowed       1.00      1.00      1.00       430
                        Oats       1.00      0.78      0.88        18
              Soybean-notill       0.97      0.98      0.98       875
             Soybean-mintill       0.96      1.00      0.98      2210
               Soybean-clean       0.97      0.95      0.96       534
                       Wheat       0.96      0.97      0.97       185
                       Woods       0.99      0.99      0.99      1139
Buildings-Grass-Trees-Drives       0.96      0.91      0.94       347
          Stone-Steel-Towers       0.94      0.88      0.91        84

                    accuracy                           0.97      9225
                   macro avg       0.97      0.92      0.94      9225
                weighted avg       0.97      0.97      0.97      9225

[[  32    8    0    0    0    0    0    1    0    0    0    0    0    0
     0    0]
 [   0 1206    1    0    0    0    0    0    0   11   67    0    0    0
     0    0]
 [   0    0  731    9    0    0    0    0    0    0    4    0    0    0
     3    0]
 [   0    0    0  192    8    6    0    0    0    0    0    7    0    0
     0    0]
 [   0    0    0    0  396   23    0    0    0    0    3    0    7    0
     6    0]
 [   0    4    0    1   11  627    0    0    0    0    2    0    0    8
     4    0]
 [   0    4    0    0    0    0   21    0    0    0    0    0    0    0
     0    0]
 [   0    0    0    0    0    0    0  430    0    0    0    0    0    0
     0    0]
 [   0    0    1    0    3    0    0    0   14    0    0    0    0    0
     0    0]
 [   0    1    9    0    0    0    0    0    0  856    8    0    0    0
     1    0]
 [   0    0    0    0    0    5    0    0    0    6 2199    0    0    0
     0    0]
 [   0    0    2    7    7    0    0    0    0    7    0  506    0    0
     0    5]
 [   0    0    2    0    0    2    0    0    0    0    1    0  180    0
     0    0]
 [   0    3    0    0    0    0    0    1    0    0    2    0    0 1133
     0    0]
 [   0    6    1    5    4    0    0    0    0    0    8    0    0    6
   317    0]
 [   0    0    4    0    0    0    0    0    0    0    0    6    0    0
     0   74]]
